2019/12/12-21:26:41.963472 2cd3d80 RocksDB version: 6.0.2
2019/12/12-21:26:41.963509 2cd3d80 Git sha rocksdb_build_git_sha:@0@
2019/12/12-21:26:41.963512 2cd3d80 Compile date Sep 23 2019
2019/12/12-21:26:41.963517 2cd3d80 DB SUMMARY
2019/12/12-21:26:41.963561 2cd3d80 CURRENT file:  CURRENT
2019/12/12-21:26:41.963564 2cd3d80 IDENTITY file:  IDENTITY
2019/12/12-21:26:41.963569 2cd3d80 MANIFEST file:  MANIFEST-000001 size: 13 Bytes
2019/12/12-21:26:41.963571 2cd3d80 SST files in data//group1/block/RocksDB dir, Total Num: 0, files: 
2019/12/12-21:26:41.963573 2cd3d80 Write Ahead Log file in data//group1/block/RocksDB: 000003.log size: 676589 ; 
2019/12/12-21:26:41.963576 2cd3d80                         Options.error_if_exists: 0
2019/12/12-21:26:41.963578 2cd3d80                       Options.create_if_missing: 1
2019/12/12-21:26:41.963580 2cd3d80                         Options.paranoid_checks: 1
2019/12/12-21:26:41.963582 2cd3d80                                     Options.env: 0x1acede0
2019/12/12-21:26:41.963584 2cd3d80                                Options.info_log: 0x372de00
2019/12/12-21:26:41.963586 2cd3d80                Options.max_file_opening_threads: 16
2019/12/12-21:26:41.963587 2cd3d80                              Options.statistics: (nil)
2019/12/12-21:26:41.963590 2cd3d80                               Options.use_fsync: 0
2019/12/12-21:26:41.963591 2cd3d80                       Options.max_log_file_size: 0
2019/12/12-21:26:41.963593 2cd3d80                  Options.max_manifest_file_size: 1073741824
2019/12/12-21:26:41.963595 2cd3d80                   Options.log_file_time_to_roll: 0
2019/12/12-21:26:41.963597 2cd3d80                       Options.keep_log_file_num: 1000
2019/12/12-21:26:41.963599 2cd3d80                    Options.recycle_log_file_num: 0
2019/12/12-21:26:41.963601 2cd3d80                         Options.allow_fallocate: 1
2019/12/12-21:26:41.963603 2cd3d80                        Options.allow_mmap_reads: 0
2019/12/12-21:26:41.963605 2cd3d80                       Options.allow_mmap_writes: 0
2019/12/12-21:26:41.963607 2cd3d80                        Options.use_direct_reads: 0
2019/12/12-21:26:41.963608 2cd3d80                        Options.use_direct_io_for_flush_and_compaction: 0
2019/12/12-21:26:41.963610 2cd3d80          Options.create_missing_column_families: 0
2019/12/12-21:26:41.963612 2cd3d80                              Options.db_log_dir: 
2019/12/12-21:26:41.963614 2cd3d80                                 Options.wal_dir: data//group1/block/RocksDB
2019/12/12-21:26:41.963616 2cd3d80                Options.table_cache_numshardbits: 6
2019/12/12-21:26:41.963618 2cd3d80                      Options.max_subcompactions: 1
2019/12/12-21:26:41.963620 2cd3d80                  Options.max_background_flushes: -1
2019/12/12-21:26:41.963622 2cd3d80                         Options.WAL_ttl_seconds: 0
2019/12/12-21:26:41.963624 2cd3d80                       Options.WAL_size_limit_MB: 0
2019/12/12-21:26:41.963625 2cd3d80             Options.manifest_preallocation_size: 4194304
2019/12/12-21:26:41.963627 2cd3d80                     Options.is_fd_close_on_exec: 1
2019/12/12-21:26:41.963629 2cd3d80                   Options.advise_random_on_open: 1
2019/12/12-21:26:41.963631 2cd3d80                    Options.db_write_buffer_size: 0
2019/12/12-21:26:41.963633 2cd3d80                    Options.write_buffer_manager: 0x356cc60
2019/12/12-21:26:41.963635 2cd3d80         Options.access_hint_on_compaction_start: 1
2019/12/12-21:26:41.963637 2cd3d80  Options.new_table_reader_for_compaction_inputs: 0
2019/12/12-21:26:41.963638 2cd3d80           Options.random_access_max_buffer_size: 1048576
2019/12/12-21:26:41.963640 2cd3d80                      Options.use_adaptive_mutex: 0
2019/12/12-21:26:41.963642 2cd3d80                            Options.rate_limiter: (nil)
2019/12/12-21:26:41.963644 2cd3d80     Options.sst_file_manager.rate_bytes_per_sec: 0
2019/12/12-21:26:41.963646 2cd3d80                       Options.wal_recovery_mode: 2
2019/12/12-21:26:41.963648 2cd3d80                  Options.enable_thread_tracking: 0
2019/12/12-21:26:41.963650 2cd3d80                  Options.enable_pipelined_write: 0
2019/12/12-21:26:41.963660 2cd3d80         Options.allow_concurrent_memtable_write: 1
2019/12/12-21:26:41.963662 2cd3d80      Options.enable_write_thread_adaptive_yield: 1
2019/12/12-21:26:41.963664 2cd3d80             Options.write_thread_max_yield_usec: 100
2019/12/12-21:26:41.963666 2cd3d80            Options.write_thread_slow_yield_usec: 3
2019/12/12-21:26:41.963668 2cd3d80                               Options.row_cache: None
2019/12/12-21:26:41.963670 2cd3d80                              Options.wal_filter: None
2019/12/12-21:26:41.963672 2cd3d80             Options.avoid_flush_during_recovery: 0
2019/12/12-21:26:41.963674 2cd3d80             Options.allow_ingest_behind: 0
2019/12/12-21:26:41.963676 2cd3d80             Options.preserve_deletes: 0
2019/12/12-21:26:41.963677 2cd3d80             Options.two_write_queues: 0
2019/12/12-21:26:41.963679 2cd3d80             Options.manual_wal_flush: 0
2019/12/12-21:26:41.963681 2cd3d80             Options.max_background_jobs: 2
2019/12/12-21:26:41.963683 2cd3d80             Options.max_background_compactions: -1
2019/12/12-21:26:41.963685 2cd3d80             Options.avoid_flush_during_shutdown: 0
2019/12/12-21:26:41.963687 2cd3d80           Options.writable_file_max_buffer_size: 1048576
2019/12/12-21:26:41.963689 2cd3d80             Options.delayed_write_rate : 16777216
2019/12/12-21:26:41.963691 2cd3d80             Options.max_total_wal_size: 0
2019/12/12-21:26:41.963692 2cd3d80             Options.delete_obsolete_files_period_micros: 21600000000
2019/12/12-21:26:41.963694 2cd3d80                   Options.stats_dump_period_sec: 600
2019/12/12-21:26:41.963696 2cd3d80                 Options.stats_persist_period_sec: 600
2019/12/12-21:26:41.963698 2cd3d80                 Options.stats_history_buffer_size: 1048576
2019/12/12-21:26:41.963700 2cd3d80                          Options.max_open_files: 200
2019/12/12-21:26:41.963702 2cd3d80                          Options.bytes_per_sync: 0
2019/12/12-21:26:41.963704 2cd3d80                      Options.wal_bytes_per_sync: 0
2019/12/12-21:26:41.963706 2cd3d80       Options.compaction_readahead_size: 0
2019/12/12-21:26:41.963708 2cd3d80 Compression algorithms supported:
2019/12/12-21:26:41.963710 2cd3d80 	kZSTDNotFinalCompression supported: 0
2019/12/12-21:26:41.963712 2cd3d80 	kZSTD supported: 0
2019/12/12-21:26:41.963714 2cd3d80 	kXpressCompression supported: 0
2019/12/12-21:26:41.963716 2cd3d80 	kLZ4HCCompression supported: 0
2019/12/12-21:26:41.963718 2cd3d80 	kLZ4Compression supported: 0
2019/12/12-21:26:41.963720 2cd3d80 	kBZip2Compression supported: 0
2019/12/12-21:26:41.963722 2cd3d80 	kZlibCompression supported: 0
2019/12/12-21:26:41.963724 2cd3d80 	kSnappyCompression supported: 1
2019/12/12-21:26:41.963727 2cd3d80 Fast CRC32 supported: Supported on x86
2019/12/12-21:26:41.964620 2cd3d80 [db/version_set.cc:3517] Recovering from manifest file: MANIFEST-000001
2019/12/12-21:26:41.964690 2cd3d80 [db/column_family.cc:470] --------------- Options for column family [default]:
2019/12/12-21:26:41.964693 2cd3d80               Options.comparator: leveldb.BytewiseComparator
2019/12/12-21:26:41.964695 2cd3d80           Options.merge_operator: None
2019/12/12-21:26:41.964697 2cd3d80        Options.compaction_filter: None
2019/12/12-21:26:41.964699 2cd3d80        Options.compaction_filter_factory: None
2019/12/12-21:26:41.964700 2cd3d80         Options.memtable_factory: SkipListFactory
2019/12/12-21:26:41.964702 2cd3d80            Options.table_factory: BlockBasedTable
2019/12/12-21:26:41.964739 2cd3d80            table_factory options:   flush_block_policy_factory: FlushBlockBySizePolicyFactory (0x34e8338)
  cache_index_and_filter_blocks: 0
  cache_index_and_filter_blocks_with_high_priority: 0
  pin_l0_filter_and_index_blocks_in_cache: 0
  pin_top_level_index_and_filter: 1
  index_type: 0
  hash_index_allow_collision: 1
  checksum: 1
  no_block_cache: 0
  block_cache: 0x355b210
  block_cache_name: LRUCache
  block_cache_options:
    capacity : 8388608
    num_shard_bits : 4
    strict_capacity_limit : 0
    memory_allocator : None
    high_pri_pool_ratio: 0.000
  block_cache_compressed: (nil)
  persistent_cache: (nil)
  block_size: 4096
  block_size_deviation: 10
  block_restart_interval: 16
  index_block_restart_interval: 1
  metadata_block_size: 4096
  partition_filters: 0
  use_delta_encoding: 1
  filter_policy: nullptr
  whole_key_filtering: 1
  verify_compression: 0
  read_amp_bytes_per_bit: 0
  format_version: 2
  enable_index_compression: 1
  block_align: 0
2019/12/12-21:26:41.964766 2cd3d80        Options.write_buffer_size: 67108864
2019/12/12-21:26:41.964768 2cd3d80  Options.max_write_buffer_number: 2
2019/12/12-21:26:41.964770 2cd3d80          Options.compression: Snappy
2019/12/12-21:26:41.964772 2cd3d80                  Options.bottommost_compression: Disabled
2019/12/12-21:26:41.964774 2cd3d80       Options.prefix_extractor: nullptr
2019/12/12-21:26:41.964776 2cd3d80   Options.memtable_insert_with_hint_prefix_extractor: nullptr
2019/12/12-21:26:41.964778 2cd3d80             Options.num_levels: 7
2019/12/12-21:26:41.964780 2cd3d80        Options.min_write_buffer_number_to_merge: 1
2019/12/12-21:26:41.964781 2cd3d80     Options.max_write_buffer_number_to_maintain: 0
2019/12/12-21:26:41.964783 2cd3d80            Options.bottommost_compression_opts.window_bits: -14
2019/12/12-21:26:41.964785 2cd3d80                  Options.bottommost_compression_opts.level: 32767
2019/12/12-21:26:41.964787 2cd3d80               Options.bottommost_compression_opts.strategy: 0
2019/12/12-21:26:41.964789 2cd3d80         Options.bottommost_compression_opts.max_dict_bytes: 0
2019/12/12-21:26:41.964791 2cd3d80         Options.bottommost_compression_opts.zstd_max_train_bytes: 0
2019/12/12-21:26:41.964793 2cd3d80                  Options.bottommost_compression_opts.enabled: false
2019/12/12-21:26:41.964795 2cd3d80            Options.compression_opts.window_bits: -14
2019/12/12-21:26:41.964796 2cd3d80                  Options.compression_opts.level: 32767
2019/12/12-21:26:41.964798 2cd3d80               Options.compression_opts.strategy: 0
2019/12/12-21:26:41.964800 2cd3d80         Options.compression_opts.max_dict_bytes: 0
2019/12/12-21:26:41.964802 2cd3d80         Options.compression_opts.zstd_max_train_bytes: 0
2019/12/12-21:26:41.964804 2cd3d80                  Options.compression_opts.enabled: false
2019/12/12-21:26:41.964806 2cd3d80      Options.level0_file_num_compaction_trigger: 4
2019/12/12-21:26:41.964808 2cd3d80          Options.level0_slowdown_writes_trigger: 20
2019/12/12-21:26:41.964810 2cd3d80              Options.level0_stop_writes_trigger: 36
2019/12/12-21:26:41.964811 2cd3d80                   Options.target_file_size_base: 67108864
2019/12/12-21:26:41.964813 2cd3d80             Options.target_file_size_multiplier: 1
2019/12/12-21:26:41.964815 2cd3d80                Options.max_bytes_for_level_base: 268435456
2019/12/12-21:26:41.964817 2cd3d80 Options.level_compaction_dynamic_level_bytes: 0
2019/12/12-21:26:41.964819 2cd3d80          Options.max_bytes_for_level_multiplier: 10.000000
2019/12/12-21:26:41.964823 2cd3d80 Options.max_bytes_for_level_multiplier_addtl[0]: 1
2019/12/12-21:26:41.964825 2cd3d80 Options.max_bytes_for_level_multiplier_addtl[1]: 1
2019/12/12-21:26:41.964827 2cd3d80 Options.max_bytes_for_level_multiplier_addtl[2]: 1
2019/12/12-21:26:41.964829 2cd3d80 Options.max_bytes_for_level_multiplier_addtl[3]: 1
2019/12/12-21:26:41.964831 2cd3d80 Options.max_bytes_for_level_multiplier_addtl[4]: 1
2019/12/12-21:26:41.964832 2cd3d80 Options.max_bytes_for_level_multiplier_addtl[5]: 1
2019/12/12-21:26:41.964834 2cd3d80 Options.max_bytes_for_level_multiplier_addtl[6]: 1
2019/12/12-21:26:41.964836 2cd3d80       Options.max_sequential_skip_in_iterations: 8
2019/12/12-21:26:41.964838 2cd3d80                    Options.max_compaction_bytes: 1677721600
2019/12/12-21:26:41.964840 2cd3d80                        Options.arena_block_size: 8388608
2019/12/12-21:26:41.964842 2cd3d80   Options.soft_pending_compaction_bytes_limit: 68719476736
2019/12/12-21:26:41.964844 2cd3d80   Options.hard_pending_compaction_bytes_limit: 274877906944
2019/12/12-21:26:41.964851 2cd3d80       Options.rate_limit_delay_max_milliseconds: 100
2019/12/12-21:26:41.964853 2cd3d80                Options.disable_auto_compactions: 0
2019/12/12-21:26:41.964856 2cd3d80                        Options.compaction_style: kCompactionStyleLevel
2019/12/12-21:26:41.964858 2cd3d80                          Options.compaction_pri: kMinOverlappingRatio
2019/12/12-21:26:41.964860 2cd3d80 Options.compaction_options_universal.size_ratio: 1
2019/12/12-21:26:41.964862 2cd3d80 Options.compaction_options_universal.min_merge_width: 2
2019/12/12-21:26:41.964864 2cd3d80 Options.compaction_options_universal.max_merge_width: 4294967295
2019/12/12-21:26:41.964866 2cd3d80 Options.compaction_options_universal.max_size_amplification_percent: 200
2019/12/12-21:26:41.964868 2cd3d80 Options.compaction_options_universal.compression_size_percent: -1
2019/12/12-21:26:41.964870 2cd3d80 Options.compaction_options_universal.stop_style: kCompactionStopStyleTotalSize
2019/12/12-21:26:41.964872 2cd3d80 Options.compaction_options_fifo.max_table_files_size: 1073741824
2019/12/12-21:26:41.964873 2cd3d80 Options.compaction_options_fifo.allow_compaction: 0
2019/12/12-21:26:41.964875 2cd3d80                   Options.table_properties_collectors: 
2019/12/12-21:26:41.964877 2cd3d80                   Options.inplace_update_support: 0
2019/12/12-21:26:41.964879 2cd3d80                 Options.inplace_update_num_locks: 10000
2019/12/12-21:26:41.964881 2cd3d80               Options.memtable_prefix_bloom_size_ratio: 0.000000
2019/12/12-21:26:41.964883 2cd3d80               Options.memtable_whole_key_filtering: 0
2019/12/12-21:26:41.964885 2cd3d80   Options.memtable_huge_page_size: 0
2019/12/12-21:26:41.964887 2cd3d80                           Options.bloom_locality: 0
2019/12/12-21:26:41.964889 2cd3d80                    Options.max_successive_merges: 0
2019/12/12-21:26:41.964891 2cd3d80                Options.optimize_filters_for_hits: 0
2019/12/12-21:26:41.964893 2cd3d80                Options.paranoid_file_checks: 0
2019/12/12-21:26:41.964894 2cd3d80                Options.force_consistency_checks: 0
2019/12/12-21:26:41.964896 2cd3d80                Options.report_bg_io_stats: 0
2019/12/12-21:26:41.964898 2cd3d80                               Options.ttl: 0
2019/12/12-21:26:41.972890 2cd3d80 [db/version_set.cc:3731] Recovered from manifest file:data//group1/block/RocksDB/MANIFEST-000001 succeeded,manifest_file_number is 1, next_file_number is 3, last_sequence is 0, log_number is 0,prev_log_number is 0,max_column_family is 0,min_log_number_to_keep is 0
2019/12/12-21:26:41.972898 2cd3d80 [db/version_set.cc:3739] Column family [default] (ID 0), log number is 0
2019/12/12-21:26:41.972962 2cd3d80 EVENT_LOG_v1 {"time_micros": 1576157201972959, "job": 1, "event": "recovery_started", "log_files": [3]}
2019/12/12-21:26:41.972967 2cd3d80 [db/db_impl_open.cc:583] Recovering log #3 mode 2
2019/12/12-21:26:41.985676 2cd3d80 EVENT_LOG_v1 {"time_micros": 1576157201985667, "cf_name": "default", "job": 1, "event": "table_file_creation", "file_number": 4, "file_size": 172538, "table_properties": {"data_size": 170498, "index_size": 2647, "filter_size": 0, "raw_key_size": 15641, "raw_average_key_size": 62, "raw_value_size": 577651, "raw_average_value_size": 2292, "num_data_blocks": 58, "num_entries": 252, "filter_policy_name": ""}}
2019/12/12-21:26:41.985707 2cd3d80 [db/version_set.cc:3034] Creating manifest 5
2019/12/12-21:26:41.992737 2cd3d80 EVENT_LOG_v1 {"time_micros": 1576157201992735, "job": 1, "event": "recovery_finished"}
2019/12/12-21:26:42.001128 2cd3d80 DB pointer 0x3736400
