2019/12/12-21:26:41.961036 2aa6d80 RocksDB version: 6.0.2
2019/12/12-21:26:41.961072 2aa6d80 Git sha rocksdb_build_git_sha:@0@
2019/12/12-21:26:41.961075 2aa6d80 Compile date Sep 23 2019
2019/12/12-21:26:41.961080 2aa6d80 DB SUMMARY
2019/12/12-21:26:41.961107 2aa6d80 CURRENT file:  CURRENT
2019/12/12-21:26:41.961110 2aa6d80 IDENTITY file:  IDENTITY
2019/12/12-21:26:41.961114 2aa6d80 MANIFEST file:  MANIFEST-000001 size: 13 Bytes
2019/12/12-21:26:41.961117 2aa6d80 SST files in data//group1/block/RocksDB dir, Total Num: 0, files: 
2019/12/12-21:26:41.961119 2aa6d80 Write Ahead Log file in data//group1/block/RocksDB: 000003.log size: 676589 ; 
2019/12/12-21:26:41.961122 2aa6d80                         Options.error_if_exists: 0
2019/12/12-21:26:41.961124 2aa6d80                       Options.create_if_missing: 1
2019/12/12-21:26:41.961126 2aa6d80                         Options.paranoid_checks: 1
2019/12/12-21:26:41.961128 2aa6d80                                     Options.env: 0x1acede0
2019/12/12-21:26:41.961130 2aa6d80                                Options.info_log: 0x34ffe50
2019/12/12-21:26:41.961132 2aa6d80                Options.max_file_opening_threads: 16
2019/12/12-21:26:41.961134 2aa6d80                              Options.statistics: (nil)
2019/12/12-21:26:41.961136 2aa6d80                               Options.use_fsync: 0
2019/12/12-21:26:41.961137 2aa6d80                       Options.max_log_file_size: 0
2019/12/12-21:26:41.961139 2aa6d80                  Options.max_manifest_file_size: 1073741824
2019/12/12-21:26:41.961141 2aa6d80                   Options.log_file_time_to_roll: 0
2019/12/12-21:26:41.961143 2aa6d80                       Options.keep_log_file_num: 1000
2019/12/12-21:26:41.961145 2aa6d80                    Options.recycle_log_file_num: 0
2019/12/12-21:26:41.961147 2aa6d80                         Options.allow_fallocate: 1
2019/12/12-21:26:41.961149 2aa6d80                        Options.allow_mmap_reads: 0
2019/12/12-21:26:41.961151 2aa6d80                       Options.allow_mmap_writes: 0
2019/12/12-21:26:41.961153 2aa6d80                        Options.use_direct_reads: 0
2019/12/12-21:26:41.961154 2aa6d80                        Options.use_direct_io_for_flush_and_compaction: 0
2019/12/12-21:26:41.961156 2aa6d80          Options.create_missing_column_families: 0
2019/12/12-21:26:41.961158 2aa6d80                              Options.db_log_dir: 
2019/12/12-21:26:41.961160 2aa6d80                                 Options.wal_dir: data//group1/block/RocksDB
2019/12/12-21:26:41.961162 2aa6d80                Options.table_cache_numshardbits: 6
2019/12/12-21:26:41.961164 2aa6d80                      Options.max_subcompactions: 1
2019/12/12-21:26:41.961166 2aa6d80                  Options.max_background_flushes: -1
2019/12/12-21:26:41.961168 2aa6d80                         Options.WAL_ttl_seconds: 0
2019/12/12-21:26:41.961170 2aa6d80                       Options.WAL_size_limit_MB: 0
2019/12/12-21:26:41.961171 2aa6d80             Options.manifest_preallocation_size: 4194304
2019/12/12-21:26:41.961173 2aa6d80                     Options.is_fd_close_on_exec: 1
2019/12/12-21:26:41.961175 2aa6d80                   Options.advise_random_on_open: 1
2019/12/12-21:26:41.961177 2aa6d80                    Options.db_write_buffer_size: 0
2019/12/12-21:26:41.961179 2aa6d80                    Options.write_buffer_manager: 0x333f1a0
2019/12/12-21:26:41.961181 2aa6d80         Options.access_hint_on_compaction_start: 1
2019/12/12-21:26:41.961183 2aa6d80  Options.new_table_reader_for_compaction_inputs: 0
2019/12/12-21:26:41.961185 2aa6d80           Options.random_access_max_buffer_size: 1048576
2019/12/12-21:26:41.961187 2aa6d80                      Options.use_adaptive_mutex: 0
2019/12/12-21:26:41.961188 2aa6d80                            Options.rate_limiter: (nil)
2019/12/12-21:26:41.961191 2aa6d80     Options.sst_file_manager.rate_bytes_per_sec: 0
2019/12/12-21:26:41.961193 2aa6d80                       Options.wal_recovery_mode: 2
2019/12/12-21:26:41.961194 2aa6d80                  Options.enable_thread_tracking: 0
2019/12/12-21:26:41.961196 2aa6d80                  Options.enable_pipelined_write: 0
2019/12/12-21:26:41.961207 2aa6d80         Options.allow_concurrent_memtable_write: 1
2019/12/12-21:26:41.961209 2aa6d80      Options.enable_write_thread_adaptive_yield: 1
2019/12/12-21:26:41.961211 2aa6d80             Options.write_thread_max_yield_usec: 100
2019/12/12-21:26:41.961213 2aa6d80            Options.write_thread_slow_yield_usec: 3
2019/12/12-21:26:41.961215 2aa6d80                               Options.row_cache: None
2019/12/12-21:26:41.961217 2aa6d80                              Options.wal_filter: None
2019/12/12-21:26:41.961219 2aa6d80             Options.avoid_flush_during_recovery: 0
2019/12/12-21:26:41.961221 2aa6d80             Options.allow_ingest_behind: 0
2019/12/12-21:26:41.961222 2aa6d80             Options.preserve_deletes: 0
2019/12/12-21:26:41.961224 2aa6d80             Options.two_write_queues: 0
2019/12/12-21:26:41.961226 2aa6d80             Options.manual_wal_flush: 0
2019/12/12-21:26:41.961228 2aa6d80             Options.max_background_jobs: 2
2019/12/12-21:26:41.961230 2aa6d80             Options.max_background_compactions: -1
2019/12/12-21:26:41.961232 2aa6d80             Options.avoid_flush_during_shutdown: 0
2019/12/12-21:26:41.961234 2aa6d80           Options.writable_file_max_buffer_size: 1048576
2019/12/12-21:26:41.961236 2aa6d80             Options.delayed_write_rate : 16777216
2019/12/12-21:26:41.961238 2aa6d80             Options.max_total_wal_size: 0
2019/12/12-21:26:41.961239 2aa6d80             Options.delete_obsolete_files_period_micros: 21600000000
2019/12/12-21:26:41.961241 2aa6d80                   Options.stats_dump_period_sec: 600
2019/12/12-21:26:41.961243 2aa6d80                 Options.stats_persist_period_sec: 600
2019/12/12-21:26:41.961245 2aa6d80                 Options.stats_history_buffer_size: 1048576
2019/12/12-21:26:41.961247 2aa6d80                          Options.max_open_files: 200
2019/12/12-21:26:41.961249 2aa6d80                          Options.bytes_per_sync: 0
2019/12/12-21:26:41.961251 2aa6d80                      Options.wal_bytes_per_sync: 0
2019/12/12-21:26:41.961253 2aa6d80       Options.compaction_readahead_size: 0
2019/12/12-21:26:41.961255 2aa6d80 Compression algorithms supported:
2019/12/12-21:26:41.961257 2aa6d80 	kZSTDNotFinalCompression supported: 0
2019/12/12-21:26:41.961259 2aa6d80 	kZSTD supported: 0
2019/12/12-21:26:41.961261 2aa6d80 	kXpressCompression supported: 0
2019/12/12-21:26:41.961263 2aa6d80 	kLZ4HCCompression supported: 0
2019/12/12-21:26:41.961265 2aa6d80 	kLZ4Compression supported: 0
2019/12/12-21:26:41.961267 2aa6d80 	kBZip2Compression supported: 0
2019/12/12-21:26:41.961269 2aa6d80 	kZlibCompression supported: 0
2019/12/12-21:26:41.961271 2aa6d80 	kSnappyCompression supported: 1
2019/12/12-21:26:41.961273 2aa6d80 Fast CRC32 supported: Supported on x86
2019/12/12-21:26:41.961590 2aa6d80 [db/version_set.cc:3517] Recovering from manifest file: MANIFEST-000001
2019/12/12-21:26:41.961664 2aa6d80 [db/column_family.cc:470] --------------- Options for column family [default]:
2019/12/12-21:26:41.961667 2aa6d80               Options.comparator: leveldb.BytewiseComparator
2019/12/12-21:26:41.961669 2aa6d80           Options.merge_operator: None
2019/12/12-21:26:41.961671 2aa6d80        Options.compaction_filter: None
2019/12/12-21:26:41.961673 2aa6d80        Options.compaction_filter_factory: None
2019/12/12-21:26:41.961675 2aa6d80         Options.memtable_factory: SkipListFactory
2019/12/12-21:26:41.961677 2aa6d80            Options.table_factory: BlockBasedTable
2019/12/12-21:26:41.961707 2aa6d80            table_factory options:   flush_block_policy_factory: FlushBlockBySizePolicyFactory (0x32ba338)
  cache_index_and_filter_blocks: 0
  cache_index_and_filter_blocks_with_high_priority: 0
  pin_l0_filter_and_index_blocks_in_cache: 0
  pin_top_level_index_and_filter: 1
  index_type: 0
  hash_index_allow_collision: 1
  checksum: 1
  no_block_cache: 0
  block_cache: 0x332d690
  block_cache_name: LRUCache
  block_cache_options:
    capacity : 8388608
    num_shard_bits : 4
    strict_capacity_limit : 0
    memory_allocator : None
    high_pri_pool_ratio: 0.000
  block_cache_compressed: (nil)
  persistent_cache: (nil)
  block_size: 4096
  block_size_deviation: 10
  block_restart_interval: 16
  index_block_restart_interval: 1
  metadata_block_size: 4096
  partition_filters: 0
  use_delta_encoding: 1
  filter_policy: nullptr
  whole_key_filtering: 1
  verify_compression: 0
  read_amp_bytes_per_bit: 0
  format_version: 2
  enable_index_compression: 1
  block_align: 0
2019/12/12-21:26:41.961726 2aa6d80        Options.write_buffer_size: 67108864
2019/12/12-21:26:41.961728 2aa6d80  Options.max_write_buffer_number: 2
2019/12/12-21:26:41.961731 2aa6d80          Options.compression: Snappy
2019/12/12-21:26:41.961733 2aa6d80                  Options.bottommost_compression: Disabled
2019/12/12-21:26:41.961734 2aa6d80       Options.prefix_extractor: nullptr
2019/12/12-21:26:41.961736 2aa6d80   Options.memtable_insert_with_hint_prefix_extractor: nullptr
2019/12/12-21:26:41.961738 2aa6d80             Options.num_levels: 7
2019/12/12-21:26:41.961740 2aa6d80        Options.min_write_buffer_number_to_merge: 1
2019/12/12-21:26:41.961742 2aa6d80     Options.max_write_buffer_number_to_maintain: 0
2019/12/12-21:26:41.961744 2aa6d80            Options.bottommost_compression_opts.window_bits: -14
2019/12/12-21:26:41.961746 2aa6d80                  Options.bottommost_compression_opts.level: 32767
2019/12/12-21:26:41.961748 2aa6d80               Options.bottommost_compression_opts.strategy: 0
2019/12/12-21:26:41.961750 2aa6d80         Options.bottommost_compression_opts.max_dict_bytes: 0
2019/12/12-21:26:41.961751 2aa6d80         Options.bottommost_compression_opts.zstd_max_train_bytes: 0
2019/12/12-21:26:41.961753 2aa6d80                  Options.bottommost_compression_opts.enabled: false
2019/12/12-21:26:41.961755 2aa6d80            Options.compression_opts.window_bits: -14
2019/12/12-21:26:41.961757 2aa6d80                  Options.compression_opts.level: 32767
2019/12/12-21:26:41.961759 2aa6d80               Options.compression_opts.strategy: 0
2019/12/12-21:26:41.961761 2aa6d80         Options.compression_opts.max_dict_bytes: 0
2019/12/12-21:26:41.961763 2aa6d80         Options.compression_opts.zstd_max_train_bytes: 0
2019/12/12-21:26:41.961765 2aa6d80                  Options.compression_opts.enabled: false
2019/12/12-21:26:41.961767 2aa6d80      Options.level0_file_num_compaction_trigger: 4
2019/12/12-21:26:41.961768 2aa6d80          Options.level0_slowdown_writes_trigger: 20
2019/12/12-21:26:41.961770 2aa6d80              Options.level0_stop_writes_trigger: 36
2019/12/12-21:26:41.961772 2aa6d80                   Options.target_file_size_base: 67108864
2019/12/12-21:26:41.961774 2aa6d80             Options.target_file_size_multiplier: 1
2019/12/12-21:26:41.961776 2aa6d80                Options.max_bytes_for_level_base: 268435456
2019/12/12-21:26:41.961778 2aa6d80 Options.level_compaction_dynamic_level_bytes: 0
2019/12/12-21:26:41.961780 2aa6d80          Options.max_bytes_for_level_multiplier: 10.000000
2019/12/12-21:26:41.961783 2aa6d80 Options.max_bytes_for_level_multiplier_addtl[0]: 1
2019/12/12-21:26:41.961785 2aa6d80 Options.max_bytes_for_level_multiplier_addtl[1]: 1
2019/12/12-21:26:41.961787 2aa6d80 Options.max_bytes_for_level_multiplier_addtl[2]: 1
2019/12/12-21:26:41.961789 2aa6d80 Options.max_bytes_for_level_multiplier_addtl[3]: 1
2019/12/12-21:26:41.961791 2aa6d80 Options.max_bytes_for_level_multiplier_addtl[4]: 1
2019/12/12-21:26:41.961793 2aa6d80 Options.max_bytes_for_level_multiplier_addtl[5]: 1
2019/12/12-21:26:41.961795 2aa6d80 Options.max_bytes_for_level_multiplier_addtl[6]: 1
2019/12/12-21:26:41.961797 2aa6d80       Options.max_sequential_skip_in_iterations: 8
2019/12/12-21:26:41.961799 2aa6d80                    Options.max_compaction_bytes: 1677721600
2019/12/12-21:26:41.961801 2aa6d80                        Options.arena_block_size: 8388608
2019/12/12-21:26:41.961803 2aa6d80   Options.soft_pending_compaction_bytes_limit: 68719476736
2019/12/12-21:26:41.961805 2aa6d80   Options.hard_pending_compaction_bytes_limit: 274877906944
2019/12/12-21:26:41.961812 2aa6d80       Options.rate_limit_delay_max_milliseconds: 100
2019/12/12-21:26:41.961814 2aa6d80                Options.disable_auto_compactions: 0
2019/12/12-21:26:41.961817 2aa6d80                        Options.compaction_style: kCompactionStyleLevel
2019/12/12-21:26:41.961819 2aa6d80                          Options.compaction_pri: kMinOverlappingRatio
2019/12/12-21:26:41.961821 2aa6d80 Options.compaction_options_universal.size_ratio: 1
2019/12/12-21:26:41.961823 2aa6d80 Options.compaction_options_universal.min_merge_width: 2
2019/12/12-21:26:41.961825 2aa6d80 Options.compaction_options_universal.max_merge_width: 4294967295
2019/12/12-21:26:41.961827 2aa6d80 Options.compaction_options_universal.max_size_amplification_percent: 200
2019/12/12-21:26:41.961828 2aa6d80 Options.compaction_options_universal.compression_size_percent: -1
2019/12/12-21:26:41.961831 2aa6d80 Options.compaction_options_universal.stop_style: kCompactionStopStyleTotalSize
2019/12/12-21:26:41.961832 2aa6d80 Options.compaction_options_fifo.max_table_files_size: 1073741824
2019/12/12-21:26:41.961834 2aa6d80 Options.compaction_options_fifo.allow_compaction: 0
2019/12/12-21:26:41.961836 2aa6d80                   Options.table_properties_collectors: 
2019/12/12-21:26:41.961838 2aa6d80                   Options.inplace_update_support: 0
2019/12/12-21:26:41.961840 2aa6d80                 Options.inplace_update_num_locks: 10000
2019/12/12-21:26:41.961842 2aa6d80               Options.memtable_prefix_bloom_size_ratio: 0.000000
2019/12/12-21:26:41.961844 2aa6d80               Options.memtable_whole_key_filtering: 0
2019/12/12-21:26:41.961846 2aa6d80   Options.memtable_huge_page_size: 0
2019/12/12-21:26:41.961848 2aa6d80                           Options.bloom_locality: 0
2019/12/12-21:26:41.961850 2aa6d80                    Options.max_successive_merges: 0
2019/12/12-21:26:41.961852 2aa6d80                Options.optimize_filters_for_hits: 0
2019/12/12-21:26:41.961854 2aa6d80                Options.paranoid_file_checks: 0
2019/12/12-21:26:41.961856 2aa6d80                Options.force_consistency_checks: 0
2019/12/12-21:26:41.961857 2aa6d80                Options.report_bg_io_stats: 0
2019/12/12-21:26:41.961859 2aa6d80                               Options.ttl: 0
2019/12/12-21:26:41.971645 2aa6d80 [db/version_set.cc:3731] Recovered from manifest file:data//group1/block/RocksDB/MANIFEST-000001 succeeded,manifest_file_number is 1, next_file_number is 3, last_sequence is 0, log_number is 0,prev_log_number is 0,max_column_family is 0,min_log_number_to_keep is 0
2019/12/12-21:26:41.971652 2aa6d80 [db/version_set.cc:3739] Column family [default] (ID 0), log number is 0
2019/12/12-21:26:41.971712 2aa6d80 EVENT_LOG_v1 {"time_micros": 1576157201971709, "job": 1, "event": "recovery_started", "log_files": [3]}
2019/12/12-21:26:41.971717 2aa6d80 [db/db_impl_open.cc:583] Recovering log #3 mode 2
2019/12/12-21:26:41.984084 2aa6d80 EVENT_LOG_v1 {"time_micros": 1576157201984073, "cf_name": "default", "job": 1, "event": "table_file_creation", "file_number": 4, "file_size": 172609, "table_properties": {"data_size": 170561, "index_size": 2647, "filter_size": 0, "raw_key_size": 15641, "raw_average_key_size": 62, "raw_value_size": 577651, "raw_average_value_size": 2292, "num_data_blocks": 58, "num_entries": 252, "filter_policy_name": ""}}
2019/12/12-21:26:41.984124 2aa6d80 [db/version_set.cc:3034] Creating manifest 5
2019/12/12-21:26:41.990891 2aa6d80 EVENT_LOG_v1 {"time_micros": 1576157201990887, "job": 1, "event": "recovery_finished"}
2019/12/12-21:26:41.999052 2aa6d80 DB pointer 0x3506400
