2019/12/12-21:26:41.961449 2cf6d80 RocksDB version: 6.0.2
2019/12/12-21:26:41.961478 2cf6d80 Git sha rocksdb_build_git_sha:@0@
2019/12/12-21:26:41.961480 2cf6d80 Compile date Sep 23 2019
2019/12/12-21:26:41.961485 2cf6d80 DB SUMMARY
2019/12/12-21:26:41.961507 2cf6d80 CURRENT file:  CURRENT
2019/12/12-21:26:41.961509 2cf6d80 IDENTITY file:  IDENTITY
2019/12/12-21:26:41.961513 2cf6d80 MANIFEST file:  MANIFEST-000001 size: 13 Bytes
2019/12/12-21:26:41.961516 2cf6d80 SST files in data//group1/block/RocksDB dir, Total Num: 0, files: 
2019/12/12-21:26:41.961518 2cf6d80 Write Ahead Log file in data//group1/block/RocksDB: 000003.log size: 676589 ; 
2019/12/12-21:26:41.961520 2cf6d80                         Options.error_if_exists: 0
2019/12/12-21:26:41.961522 2cf6d80                       Options.create_if_missing: 1
2019/12/12-21:26:41.961524 2cf6d80                         Options.paranoid_checks: 1
2019/12/12-21:26:41.961525 2cf6d80                                     Options.env: 0x1acede0
2019/12/12-21:26:41.961527 2cf6d80                                Options.info_log: 0x37da000
2019/12/12-21:26:41.961528 2cf6d80                Options.max_file_opening_threads: 16
2019/12/12-21:26:41.961530 2cf6d80                              Options.statistics: (nil)
2019/12/12-21:26:41.961532 2cf6d80                               Options.use_fsync: 0
2019/12/12-21:26:41.961534 2cf6d80                       Options.max_log_file_size: 0
2019/12/12-21:26:41.961535 2cf6d80                  Options.max_manifest_file_size: 1073741824
2019/12/12-21:26:41.961537 2cf6d80                   Options.log_file_time_to_roll: 0
2019/12/12-21:26:41.961539 2cf6d80                       Options.keep_log_file_num: 1000
2019/12/12-21:26:41.961541 2cf6d80                    Options.recycle_log_file_num: 0
2019/12/12-21:26:41.961542 2cf6d80                         Options.allow_fallocate: 1
2019/12/12-21:26:41.961544 2cf6d80                        Options.allow_mmap_reads: 0
2019/12/12-21:26:41.961545 2cf6d80                       Options.allow_mmap_writes: 0
2019/12/12-21:26:41.961547 2cf6d80                        Options.use_direct_reads: 0
2019/12/12-21:26:41.961549 2cf6d80                        Options.use_direct_io_for_flush_and_compaction: 0
2019/12/12-21:26:41.961550 2cf6d80          Options.create_missing_column_families: 0
2019/12/12-21:26:41.961552 2cf6d80                              Options.db_log_dir: 
2019/12/12-21:26:41.961554 2cf6d80                                 Options.wal_dir: data//group1/block/RocksDB
2019/12/12-21:26:41.961556 2cf6d80                Options.table_cache_numshardbits: 6
2019/12/12-21:26:41.961557 2cf6d80                      Options.max_subcompactions: 1
2019/12/12-21:26:41.961559 2cf6d80                  Options.max_background_flushes: -1
2019/12/12-21:26:41.961560 2cf6d80                         Options.WAL_ttl_seconds: 0
2019/12/12-21:26:41.961562 2cf6d80                       Options.WAL_size_limit_MB: 0
2019/12/12-21:26:41.961564 2cf6d80             Options.manifest_preallocation_size: 4194304
2019/12/12-21:26:41.961565 2cf6d80                     Options.is_fd_close_on_exec: 1
2019/12/12-21:26:41.961912 2cf6d80                   Options.advise_random_on_open: 1
2019/12/12-21:26:41.961915 2cf6d80                    Options.db_write_buffer_size: 0
2019/12/12-21:26:41.961917 2cf6d80                    Options.write_buffer_manager: 0x358f5c0
2019/12/12-21:26:41.961919 2cf6d80         Options.access_hint_on_compaction_start: 1
2019/12/12-21:26:41.961920 2cf6d80  Options.new_table_reader_for_compaction_inputs: 0
2019/12/12-21:26:41.961922 2cf6d80           Options.random_access_max_buffer_size: 1048576
2019/12/12-21:26:41.961924 2cf6d80                      Options.use_adaptive_mutex: 0
2019/12/12-21:26:41.961926 2cf6d80                            Options.rate_limiter: (nil)
2019/12/12-21:26:41.961928 2cf6d80     Options.sst_file_manager.rate_bytes_per_sec: 0
2019/12/12-21:26:41.961930 2cf6d80                       Options.wal_recovery_mode: 2
2019/12/12-21:26:41.961932 2cf6d80                  Options.enable_thread_tracking: 0
2019/12/12-21:26:41.961934 2cf6d80                  Options.enable_pipelined_write: 0
2019/12/12-21:26:41.961943 2cf6d80         Options.allow_concurrent_memtable_write: 1
2019/12/12-21:26:41.961945 2cf6d80      Options.enable_write_thread_adaptive_yield: 1
2019/12/12-21:26:41.961947 2cf6d80             Options.write_thread_max_yield_usec: 100
2019/12/12-21:26:41.961949 2cf6d80            Options.write_thread_slow_yield_usec: 3
2019/12/12-21:26:41.961951 2cf6d80                               Options.row_cache: None
2019/12/12-21:26:41.961953 2cf6d80                              Options.wal_filter: None
2019/12/12-21:26:41.961955 2cf6d80             Options.avoid_flush_during_recovery: 0
2019/12/12-21:26:41.961957 2cf6d80             Options.allow_ingest_behind: 0
2019/12/12-21:26:41.961959 2cf6d80             Options.preserve_deletes: 0
2019/12/12-21:26:41.961960 2cf6d80             Options.two_write_queues: 0
2019/12/12-21:26:41.961962 2cf6d80             Options.manual_wal_flush: 0
2019/12/12-21:26:41.961964 2cf6d80             Options.max_background_jobs: 2
2019/12/12-21:26:41.961966 2cf6d80             Options.max_background_compactions: -1
2019/12/12-21:26:41.961968 2cf6d80             Options.avoid_flush_during_shutdown: 0
2019/12/12-21:26:41.961970 2cf6d80           Options.writable_file_max_buffer_size: 1048576
2019/12/12-21:26:41.961972 2cf6d80             Options.delayed_write_rate : 16777216
2019/12/12-21:26:41.961974 2cf6d80             Options.max_total_wal_size: 0
2019/12/12-21:26:41.961976 2cf6d80             Options.delete_obsolete_files_period_micros: 21600000000
2019/12/12-21:26:41.961978 2cf6d80                   Options.stats_dump_period_sec: 600
2019/12/12-21:26:41.961980 2cf6d80                 Options.stats_persist_period_sec: 600
2019/12/12-21:26:41.961982 2cf6d80                 Options.stats_history_buffer_size: 1048576
2019/12/12-21:26:41.961983 2cf6d80                          Options.max_open_files: 200
2019/12/12-21:26:41.961985 2cf6d80                          Options.bytes_per_sync: 0
2019/12/12-21:26:41.961987 2cf6d80                      Options.wal_bytes_per_sync: 0
2019/12/12-21:26:41.961989 2cf6d80       Options.compaction_readahead_size: 0
2019/12/12-21:26:41.961991 2cf6d80 Compression algorithms supported:
2019/12/12-21:26:41.961993 2cf6d80 	kZSTDNotFinalCompression supported: 0
2019/12/12-21:26:41.961996 2cf6d80 	kZSTD supported: 0
2019/12/12-21:26:41.961998 2cf6d80 	kXpressCompression supported: 0
2019/12/12-21:26:41.962000 2cf6d80 	kLZ4HCCompression supported: 0
2019/12/12-21:26:41.962002 2cf6d80 	kLZ4Compression supported: 0
2019/12/12-21:26:41.962004 2cf6d80 	kBZip2Compression supported: 0
2019/12/12-21:26:41.962006 2cf6d80 	kZlibCompression supported: 0
2019/12/12-21:26:41.962008 2cf6d80 	kSnappyCompression supported: 1
2019/12/12-21:26:41.962011 2cf6d80 Fast CRC32 supported: Supported on x86
2019/12/12-21:26:41.962328 2cf6d80 [db/version_set.cc:3517] Recovering from manifest file: MANIFEST-000001
2019/12/12-21:26:41.962405 2cf6d80 [db/column_family.cc:470] --------------- Options for column family [default]:
2019/12/12-21:26:41.962408 2cf6d80               Options.comparator: leveldb.BytewiseComparator
2019/12/12-21:26:41.962410 2cf6d80           Options.merge_operator: None
2019/12/12-21:26:41.962412 2cf6d80        Options.compaction_filter: None
2019/12/12-21:26:41.962414 2cf6d80        Options.compaction_filter_factory: None
2019/12/12-21:26:41.962416 2cf6d80         Options.memtable_factory: SkipListFactory
2019/12/12-21:26:41.962418 2cf6d80            Options.table_factory: BlockBasedTable
2019/12/12-21:26:41.962448 2cf6d80            table_factory options:   flush_block_policy_factory: FlushBlockBySizePolicyFactory (0x350a338)
  cache_index_and_filter_blocks: 0
  cache_index_and_filter_blocks_with_high_priority: 0
  pin_l0_filter_and_index_blocks_in_cache: 0
  pin_top_level_index_and_filter: 1
  index_type: 0
  hash_index_allow_collision: 1
  checksum: 1
  no_block_cache: 0
  block_cache: 0x357d810
  block_cache_name: LRUCache
  block_cache_options:
    capacity : 8388608
    num_shard_bits : 4
    strict_capacity_limit : 0
    memory_allocator : None
    high_pri_pool_ratio: 0.000
  block_cache_compressed: (nil)
  persistent_cache: (nil)
  block_size: 4096
  block_size_deviation: 10
  block_restart_interval: 16
  index_block_restart_interval: 1
  metadata_block_size: 4096
  partition_filters: 0
  use_delta_encoding: 1
  filter_policy: nullptr
  whole_key_filtering: 1
  verify_compression: 0
  read_amp_bytes_per_bit: 0
  format_version: 2
  enable_index_compression: 1
  block_align: 0
2019/12/12-21:26:41.962482 2cf6d80        Options.write_buffer_size: 67108864
2019/12/12-21:26:41.962484 2cf6d80  Options.max_write_buffer_number: 2
2019/12/12-21:26:41.962486 2cf6d80          Options.compression: Snappy
2019/12/12-21:26:41.962488 2cf6d80                  Options.bottommost_compression: Disabled
2019/12/12-21:26:41.962490 2cf6d80       Options.prefix_extractor: nullptr
2019/12/12-21:26:41.962492 2cf6d80   Options.memtable_insert_with_hint_prefix_extractor: nullptr
2019/12/12-21:26:41.962494 2cf6d80             Options.num_levels: 7
2019/12/12-21:26:41.962496 2cf6d80        Options.min_write_buffer_number_to_merge: 1
2019/12/12-21:26:41.962498 2cf6d80     Options.max_write_buffer_number_to_maintain: 0
2019/12/12-21:26:41.962500 2cf6d80            Options.bottommost_compression_opts.window_bits: -14
2019/12/12-21:26:41.962502 2cf6d80                  Options.bottommost_compression_opts.level: 32767
2019/12/12-21:26:41.962503 2cf6d80               Options.bottommost_compression_opts.strategy: 0
2019/12/12-21:26:41.962505 2cf6d80         Options.bottommost_compression_opts.max_dict_bytes: 0
2019/12/12-21:26:41.962507 2cf6d80         Options.bottommost_compression_opts.zstd_max_train_bytes: 0
2019/12/12-21:26:41.962509 2cf6d80                  Options.bottommost_compression_opts.enabled: false
2019/12/12-21:26:41.962511 2cf6d80            Options.compression_opts.window_bits: -14
2019/12/12-21:26:41.962513 2cf6d80                  Options.compression_opts.level: 32767
2019/12/12-21:26:41.962514 2cf6d80               Options.compression_opts.strategy: 0
2019/12/12-21:26:41.962516 2cf6d80         Options.compression_opts.max_dict_bytes: 0
2019/12/12-21:26:41.962518 2cf6d80         Options.compression_opts.zstd_max_train_bytes: 0
2019/12/12-21:26:41.962519 2cf6d80                  Options.compression_opts.enabled: false
2019/12/12-21:26:41.962521 2cf6d80      Options.level0_file_num_compaction_trigger: 4
2019/12/12-21:26:41.962523 2cf6d80          Options.level0_slowdown_writes_trigger: 20
2019/12/12-21:26:41.962525 2cf6d80              Options.level0_stop_writes_trigger: 36
2019/12/12-21:26:41.962527 2cf6d80                   Options.target_file_size_base: 67108864
2019/12/12-21:26:41.962529 2cf6d80             Options.target_file_size_multiplier: 1
2019/12/12-21:26:41.962530 2cf6d80                Options.max_bytes_for_level_base: 268435456
2019/12/12-21:26:41.962532 2cf6d80 Options.level_compaction_dynamic_level_bytes: 0
2019/12/12-21:26:41.962534 2cf6d80          Options.max_bytes_for_level_multiplier: 10.000000
2019/12/12-21:26:41.962537 2cf6d80 Options.max_bytes_for_level_multiplier_addtl[0]: 1
2019/12/12-21:26:41.962539 2cf6d80 Options.max_bytes_for_level_multiplier_addtl[1]: 1
2019/12/12-21:26:41.962541 2cf6d80 Options.max_bytes_for_level_multiplier_addtl[2]: 1
2019/12/12-21:26:41.962543 2cf6d80 Options.max_bytes_for_level_multiplier_addtl[3]: 1
2019/12/12-21:26:41.962545 2cf6d80 Options.max_bytes_for_level_multiplier_addtl[4]: 1
2019/12/12-21:26:41.962547 2cf6d80 Options.max_bytes_for_level_multiplier_addtl[5]: 1
2019/12/12-21:26:41.962548 2cf6d80 Options.max_bytes_for_level_multiplier_addtl[6]: 1
2019/12/12-21:26:41.962550 2cf6d80       Options.max_sequential_skip_in_iterations: 8
2019/12/12-21:26:41.962552 2cf6d80                    Options.max_compaction_bytes: 1677721600
2019/12/12-21:26:41.962554 2cf6d80                        Options.arena_block_size: 8388608
2019/12/12-21:26:41.962556 2cf6d80   Options.soft_pending_compaction_bytes_limit: 68719476736
2019/12/12-21:26:41.962558 2cf6d80   Options.hard_pending_compaction_bytes_limit: 274877906944
2019/12/12-21:26:41.962566 2cf6d80       Options.rate_limit_delay_max_milliseconds: 100
2019/12/12-21:26:41.962568 2cf6d80                Options.disable_auto_compactions: 0
2019/12/12-21:26:41.962570 2cf6d80                        Options.compaction_style: kCompactionStyleLevel
2019/12/12-21:26:41.962572 2cf6d80                          Options.compaction_pri: kMinOverlappingRatio
2019/12/12-21:26:41.962574 2cf6d80 Options.compaction_options_universal.size_ratio: 1
2019/12/12-21:26:41.962576 2cf6d80 Options.compaction_options_universal.min_merge_width: 2
2019/12/12-21:26:41.962577 2cf6d80 Options.compaction_options_universal.max_merge_width: 4294967295
2019/12/12-21:26:41.962579 2cf6d80 Options.compaction_options_universal.max_size_amplification_percent: 200
2019/12/12-21:26:41.962581 2cf6d80 Options.compaction_options_universal.compression_size_percent: -1
2019/12/12-21:26:41.962583 2cf6d80 Options.compaction_options_universal.stop_style: kCompactionStopStyleTotalSize
2019/12/12-21:26:41.962585 2cf6d80 Options.compaction_options_fifo.max_table_files_size: 1073741824
2019/12/12-21:26:41.962586 2cf6d80 Options.compaction_options_fifo.allow_compaction: 0
2019/12/12-21:26:41.962588 2cf6d80                   Options.table_properties_collectors: 
2019/12/12-21:26:41.962590 2cf6d80                   Options.inplace_update_support: 0
2019/12/12-21:26:41.962592 2cf6d80                 Options.inplace_update_num_locks: 10000
2019/12/12-21:26:41.962594 2cf6d80               Options.memtable_prefix_bloom_size_ratio: 0.000000
2019/12/12-21:26:41.962596 2cf6d80               Options.memtable_whole_key_filtering: 0
2019/12/12-21:26:41.962598 2cf6d80   Options.memtable_huge_page_size: 0
2019/12/12-21:26:41.962600 2cf6d80                           Options.bloom_locality: 0
2019/12/12-21:26:41.962602 2cf6d80                    Options.max_successive_merges: 0
2019/12/12-21:26:41.962604 2cf6d80                Options.optimize_filters_for_hits: 0
2019/12/12-21:26:41.962606 2cf6d80                Options.paranoid_file_checks: 0
2019/12/12-21:26:41.962607 2cf6d80                Options.force_consistency_checks: 0
2019/12/12-21:26:41.962609 2cf6d80                Options.report_bg_io_stats: 0
2019/12/12-21:26:41.962611 2cf6d80                               Options.ttl: 0
2019/12/12-21:26:41.974489 2cf6d80 [db/version_set.cc:3731] Recovered from manifest file:data//group1/block/RocksDB/MANIFEST-000001 succeeded,manifest_file_number is 1, next_file_number is 3, last_sequence is 0, log_number is 0,prev_log_number is 0,max_column_family is 0,min_log_number_to_keep is 0
2019/12/12-21:26:41.974498 2cf6d80 [db/version_set.cc:3739] Column family [default] (ID 0), log number is 0
2019/12/12-21:26:41.974563 2cf6d80 EVENT_LOG_v1 {"time_micros": 1576157201974560, "job": 1, "event": "recovery_started", "log_files": [3]}
2019/12/12-21:26:41.974569 2cf6d80 [db/db_impl_open.cc:583] Recovering log #3 mode 2
2019/12/12-21:26:41.985630 2cf6d80 EVENT_LOG_v1 {"time_micros": 1576157201985620, "cf_name": "default", "job": 1, "event": "table_file_creation", "file_number": 4, "file_size": 172549, "table_properties": {"data_size": 170508, "index_size": 2647, "filter_size": 0, "raw_key_size": 15641, "raw_average_key_size": 62, "raw_value_size": 577651, "raw_average_value_size": 2292, "num_data_blocks": 58, "num_entries": 252, "filter_policy_name": ""}}
2019/12/12-21:26:41.985664 2cf6d80 [db/version_set.cc:3034] Creating manifest 5
2019/12/12-21:26:41.992722 2cf6d80 EVENT_LOG_v1 {"time_micros": 1576157201992719, "job": 1, "event": "recovery_finished"}
2019/12/12-21:26:42.001117 2cf6d80 DB pointer 0x3756400
